40188.9 21122.1 -32682 30100.3 23012.1 56837.9 16848.9 -20407.4
21122.1 21190.7 -17589.7 17184.9 17772.7 32106.8 14640.5 -10188.8
-32682 -17589.7 38247.2 -36795.5 -8743.61 -30282.9 -15296.7 19198.3
30100.3 17184.9 -36795.5 62623.6 14045.8 16127 18962.3 -19864.2
23012.1 17772.7 -8743.61 14045.8 66283.6 69104 2829.13 -8875.52
56837.9 32106.8 -30282.9 16127 69104 128684 16653.1 -21279.5
16848.9 14640.5 -15296.7 18962.3 2829.13 16653.1 19367.6 -5470.56
-20407.4 -10188.8 19198.3 -19864.2 -8875.52 -21279.5 -5470.56 14115.2
