14069 7298.41 -2829.1 -10440.2 9508.58 7974.59 -6861.99 -4627.22
7298.41 12863.8 2141.25 -7992.23 5252.86 11606.5 -4402.26 -8853.37
-2829.1 2141.25 22535.4 7691.46 12390.3 -4053.06 -17236.2 3818.81
-10440.2 -7992.23 7691.46 97686 -4315.39 -26394.4 -1047.35 -1507.14
9508.58 5252.86 12390.3 -4315.39 101264 -20684.3 -38275.2 -11410.6
7974.59 11606.5 -4053.06 -26394.4 -20684.3 35484.8 17002.3 -2070.76
-6861.99 -4402.26 -17236.2 -1047.35 -38275.2 17002.3 37521.4 -9796.54
-4627.22 -8853.37 3818.81 -1507.14 -11410.6 -2070.76 -9796.54 55003.5
