5252.94 1991.56 2913.5 2444.39 3994.69 -3988.11 -1607.07 -6358.85
1991.56 25697.4 14147.8 711.039 4312.92 11228.1 9567.08 -2009.61
2913.5 14147.8 15412.3 -6690.63 5193.09 -2784.07 11561.3 -292.532
2444.39 711.039 -6690.63 28426.3 -4649.85 4693.04 -17161.7 -12303.5
3994.69 4312.92 5193.09 -4649.85 19155.7 1413.37 5414.03 459.014
-3988.11 11228.1 -2784.07 4693.04 1413.37 31852.8 4465.64 7075.26
-1607.07 9567.08 11561.3 -17161.7 5414.03 4465.64 24937.9 13024.1
-6358.85 -2009.61 -292.532 -12303.5 459.014 7075.26 13024.1 14617.5
