28970.8 17327 9796 8199.88 -10684.2 -15203.3 2676.09 -15766.5
17327 53082.2 19348.2 -18273.7 11098.7 4329.4 -20584.2 -23877.1
9796 19348.2 50056.6 -12922.2 5170.57 -4899.63 1613.74 -13845.8
8199.88 -18273.7 -12922.2 50872.2 -10827.5 -12616.8 13419.4 6091.31
-10684.2 11098.7 5170.57 -10827.5 37612.1 24810.9 -17722.1 -7517.65
-15203.3 4329.4 -4899.63 -12616.8 24810.9 31256.8 -15668.1 933.028
2676.09 -20584.2 1613.74 13419.4 -17722.1 -15668.1 24625.7 13464.9
-15766.5 -23877.1 -13845.8 6091.31 -7517.65 933.028 13464.9 20183.5
