171685 -59829.8 -17257.9 -38139.2 -133781 -33883.7 -25418.9 -15321.6
-59829.8 239611 -40151.8 -69059.5 67639.1 6233.98 53394.7 -56261.7
-17257.9 -40151.8 460666 46299.8 96196.7 -19277.3 22464.5 50280.5
-38139.2 -69059.5 46299.8 393744 -16286.8 -105077 -27748.6 16570.3
-133781 67639.1 96196.7 -16286.8 298449 90686 40108.8 23767.5
-33883.7 6233.98 -19277.3 -105077 90686 224165 9278.28 8770.69
-25418.9 53394.7 22464.5 -27748.6 40108.8 9278.28 30163.2 3681.17
-15321.6 -56261.7 50280.5 16570.3 23767.5 8770.69 3681.17 30579.7
