9454.76 7736 1584.98 -5662.34 11106.9 -728.463 -866.568 -6279.47
7736 27057.1 27796.9 -23233.2 950.239 -3109.44 -3883.91 -13117.1
1584.98 27796.9 43983.2 -24405.4 -5222.1 -5619.91 -9297.33 -17026.9
-5662.34 -23233.2 -24405.4 35993.7 7106.16 5676.21 1404.09 9346.27
11106.9 950.239 -5222.1 7106.16 28782.5 -560.47 -4925.38 -5993.77
-728.463 -3109.44 -5619.91 5676.21 -560.47 5666.61 2267.89 2339.41
-866.568 -3883.91 -9297.33 1404.09 -4925.38 2267.89 6080.05 5860.07
-6279.47 -13117.1 -17026.9 9346.27 -5993.77 2339.41 5860.07 11668.7
