32898.9 -7761.37 32579.2 -11288 50180.5 3924.73 17738.7 -22930.2
-7761.37 87196.1 20476 -2851.07 -71665.1 -985.853 -16993.8 -15568.8
32579.2 20476 96896.3 -7277.49 40414 -8786.21 22472.1 -22375.5
-11288 -2851.07 -7277.49 34036.4 -10144.9 -2060.48 -12579.7 10320.6
50180.5 -71665.1 40414 -10144.9 152294 14309.9 42366.7 -7359.05
3924.73 -985.853 -8786.21 -2060.48 14309.9 24376.1 12916.7 7840.07
17738.7 -16993.8 22472.1 -12579.7 42366.7 12916.7 30819 315.877
-22930.2 -15568.8 -22375.5 10320.6 -7359.05 7840.07 315.877 30663.4
