1785.21 873.72 -676.203 -2879.29 3817.08 4223.26 2637.11 871.281
873.72 5423.55 -2069.54 1977.52 9822.73 4485.09 6498.98 1968.96
-676.203 -2069.54 5500.62 -2781.81 -4679.95 610.125 -3050.43 -940.725
-2879.29 1977.52 -2781.81 33911.8 -5460.46 -1324.44 -4832.44 172.683
3817.08 9822.73 -4679.95 -5460.46 53714.5 9820.3 23685.8 7647.04
4223.26 4485.09 610.125 -1324.44 9820.3 23262.1 10043.4 9790.87
2637.11 6498.98 -3050.43 -4832.44 23685.8 10043.4 16538.1 5077.58
871.281 1968.96 -940.725 172.683 7647.04 9790.87 5077.58 7874.72
